import numpy as np


class data_m():
	def get_information(self):
		location_xy=[[121.905336, 31.058641], [121.186874, 31.429941], [121.118173, 31.096967], [121.370231, 31.274156], [121.304178,30.734547], [121.587241, 31.276592], [121.491029, 31.290601], [121.492083, 31.41496], [121.355573, 31.418617], [121.448802, 31.338911], [121.502676, 31.383859], [121.164213, 30.898257], [121.648179, 30.91652], [121.525487, 30.850269], [121.468134, 30.918162], [121.500973, 31.222], [121.168169, 31.307469], [121.153353, 31.351963], [121.328196, 31.297518], [121.246005, 31.393626], [121.321107, 30.890168], [121.02832, 30.897706], [121.649921, 31.157948], [121.474135, 31.047823], [121.415105, 31.011108], [121.602757, 31.244434], [121.7687, 31.051724], [121.541024, 31.23647], [121.516615, 31.198519], [121.391816, 31.266249], [121.447695, 31.251666], [120.96676, 31.079281], [121.122544, 31.155807], [121.049398, 31.132922], [121.259107, 31.012184], [121.326263, 31.137155], [121.260873, 31.125632], [121.441046, 31.139113], [121.557579, 31.295479], [121.543931, 31.327259], [121.361245, 31.219314], [121.412264, 31.220652], [121.438867, 31.418752], [121.33792, 30.762863], [121.144031, 31.161288], [121.624844, 31.118223], [121.505159, 31.087329], [121.232267, 31.046146], [121.346986, 30.795418], [121.227258, 31.013524], [121.401518, 31.144931], [121.490026, 31.217898], [121.449963, 31.222788], [121.379857, 31.351999], [121.460092, 31.215463], [121.144031, 31.161288], [121.473612, 31.238907], [121.170063, 31.328331], [121.534852, 31.314612], [121.447841, 31.224783], [121.49299, 31.208021], [121.473908, 31.218145], [121.529277, 31.211586], [121.524708, 31.278971], [121.475547, 31.317698], [121.493228, 31.415612], [121.428896, 31.185293], [121.445093, 31.202531], [121.585154, 31.349584], [121.460088, 31.278009], [121.413955, 31.011794], [121.555777, 31.196138], [121.51865, 31.243453], [121.392875, 31.232531], [121.508604, 31.307749], [121.513014, 30.928158], [121.428939, 31.211115], [121.454445, 31.193578], [121.456221, 31.23721], [121.489885, 31.246405], [121.381873, 31.113897], [121.451629, 31.32222], [121.553466, 31.248525], [121.709898, 31.195547], [121.602193, 31.105661], [121.743438, 31.064281], [121.410709, 31.247439], [121.437529, 31.272966], [121.383874, 31.214766], [121.431653, 31.20393], [121.464715, 31.223359], [121.556791, 31.27817], [121.477983, 31.265496], [121.456833, 31.19439], [121.600407, 31.192315], [121.407741, 31.204006], [121.438245, 31.220673], [121.461677, 31.217993], [121.528645, 31.233671], [121.537129, 31.288394]]
		demand=[0.0, 0.0, 0.0, 0.0, 0.0, 0.572352, 0.8888799999999999, 3.557688, 0.8672000000000001, 0.7804800000000001, 1.4265439999999998, 1.469904, 1.47424, 0.815168, 0.8672000000000001, 2.8183999999999996, 1.084, 0.7804800000000001, 0.7045999999999999, 1.7344000000000002, 0.7913199999999999, 0.450944, 0.9105599999999999, 0.6829200000000001, 0.50948, 0.20812799999999998, 0.689424, 1.7344000000000002, 1.4091999999999998, 1.084, 1.205408, 0.7587999999999999, 0.667744, 0.43360000000000004, 0.4878, 0.43360000000000004, 0.43360000000000004, 0.7609680000000001, 1.084, 1.487248, 0.69376, 0.600536, 1.8471360000000001, 1.5175999999999998, 3.69644, 3.2520000000000002, 1.3007999999999997, 1.97288, 3.1652799999999996, 2.0596, 2.71, 1.7777599999999998, 3.488312, 1.3007999999999997, 1.5891440000000001, 1.9512, 2.328432, 3.2520000000000002, 4.336, 2.846584, 3.94576, 4.203752000000001, 1.084, 4.53112, 2.168, 1.5739679999999998, 4.262288, 1.084, 1.5826399999999998, 3.8482, 1.7344000000000002, 1.7344000000000002, 4.336, 1.5175999999999998, 2.168, 2.04876, 0.6742480000000001, 4.071504, 1.2791199999999998, 0.43360000000000004, 2.3848, 0.56368, 2.168, 2.087784, 2.168, 2.21136, 2.3197600000000005, 2.84008, 2.6015999999999995, 1.69104, 1.9512, 2.194016, 1.09484, 2.71, 2.86176, 0.5203199999999999, 0.665576, 0.576688, 0.44227199999999994, 0.6764159999999999]
		distance=[[0.0, 92.061, 81.273, 65.526, 47.851, 58.539, 56.68, 62.741, 75.664, 62.2981, 58.763, 76.677, 32.593, 48.878, 47.27, 51.567, 85.625, 90.892, 71.219, 85.582, 62.729, 89.335, 32.554, 42.313, 50.657, 42.473, 11.655, 43.774, 47.745, 63.57, 57.337, 98.158, 83.826, 91.418, 63.689, 62.298, 68.369, 50.476, 49.592, 52.213, 62.481, 58.554, 63.781, 70.377, 82.023, 30.912, 40.788, 67.625, 67.775, 66.597, 55.385, 51.214, 54.918, 70.397, 53.493, 83.035, 54.026, 87.723, 51.891, 55.205, 50.017, 52.151, 48.046, 53.388, 58.612, 62.771, 54.424, 54.533, 50.494, 58.456, 51.019, 43.771, 51.302, 61.814, 54.523, 44.241, 56.354, 52.621, 55.836, 54.235, 55.156, 60.761, 48.816, 27.826, 33.016, 14.659, 61.449, 59.982, 60.427, 55.495, 53.463, 51.159, 56.364, 52.423, 52.733, 57.263, 55.753, 54.131, 49.613, 51.69], [92.061, 0.0, 43.13, 27.408, 66.623, 87.965, 38.011, 34.765, 20.513, 34.748, 37.511, 68.653, 82.522, 76.935, 67.184, 43.025, 17.737, 12.518, 22.806, 9.007, 67.454, 72.053, 63.89, 55.617, 54.213, 52.02, 81.187, 49.967, 48.278, 29.523, 36.863, 55.437, 36.161, 44.329, 52.805, 39.363, 41.632, 45.371, 45.178, 44.494, 31.917, 35.876, 32.158, 83.234, 37.272, 62.46, 56.923, 48.073, 78.925, 52.271, 41.596, 42.012, 37.89, 26.015, 39.292, 38.283, 39.441, 15.17, 43.084, 37.513, 43.681, 41.239, 47.896, 42.175, 37.327, 34.842, 40.207, 39.197, 47.637, 36.178, 54.575, 50.876, 44.61, 33.082, 40.056, 69.637, 37.724, 41.209, 37.612, 40.491, 43.405, 36.163, 47.654, 67.174, 61.238, 78.22, 31.83, 33.942, 33.752, 38.587, 39.129, 45.605, 37.973, 41.432, 40.941, 37.11, 37.238, 38.528, 45.597, 42.947], [81.273, 43.13, 0.0, 38.356, 48.964, 48.059, 49.355, 61.903, 50.414, 52.646, 59.572, 27.716, 67.509, 61.283, 49.988, 43.584, 26.948, 31.19, 39.276, 40.322, 36.535, 31.031, 54.054, 40.993, 36.92, 54.523, 70.001, 40.169, 44.257, 39.691, 43.124, 18.885, 7.384, 13.154, 20.481, 23.739, 17.187, 34.193, 54.28, 56.442, 33.852, 37.669, 59.563, 49.615, 10.121, 52.24, 44.952, 17.103, 47.441, 17.596, 30.959, 42.463, 40.336, 48.421, 39.841, 11.06, 42.723, 29.212, 54.794, 39.895, 42.263, 41.191, 46.122, 50.796, 51.945, 61.98, 35.892, 37.811, 63.682, 47.066, 37.282, 47.146, 47.527, 37.795, 52.57, 54.045, 37.688, 38.193, 41.587, 44.766, 27.029, 50.746, 50.91, 61.644, 51.018, 68.016, 40.344, 44.304, 34.992, 37.043, 40.527, 52.452, 46.438, 38.579, 42.678, 35.573, 39.316, 40.398, 47.117, 52.379], [65.526, 27.408, 38.356, 0.001, 43.529, 70.692, 13.953, 25.898, 21.044, 15.189, 23.249, 56.81, 56.487, 51.307, 43.94, 16.318, 22.21, 26.239, 6.051, 20.317, 48.795, 65.917, 36.929, 29.582, 32.478, 27.032, 54.48, 23.26, 21.567, 2.39, 9.935, 50.698, 31.603, 40.173, 36.593, 19.565, 25.259, 19.126, 21.19, 21.208, 7.186, 9.414, 24.466, 64.575, 29.964, 35.753, 30.267, 34.926, 60.266, 38.989, 15.94, 15.305, 11.183, 11.985, 12.585, 30.976, 12.746, 22.848, 19.646, 10.806, 16.974, 14.532, 21.592, 17.554, 14.189, 25.894, 14.199, 12.604, 28.836, 10.901, 32.84, 24.169, 17.903, 6.732, 16.618, 43.817, 11.313, 14.484, 10.905, 14.411, 19.992, 13.289, 21.286, 40.953, 34.531, 51.513, 4.697, 7.793, 7.843, 12.176, 12.422, 21.287, 12.461, 14.707, 14.234, 10.648, 10.513, 11.821, 18.89, 18.889], [47.851, 66.623, 48.964, 43.529, 0.001, 65.191, 62.676, 91.75, 88.547, 81.554, 87.64, 34.173, 43.345, 28.354, 15.791, 69.802, 73.42, 77.427, 73.316, 84.887, 18.721, 40.105, 70.516, 33.145, 44.561, 78.788, 67.063, 61.65, 69.084, 70.607, 70.562, 61.845, 54.989, 58.625, 36.414, 51.329, 49.828, 59.239, 81.01, 83.242, 64.062, 66.541, 91.09, 7.764, 55.1394, 64.563, 38.046, 42.77, 13.971, 38.526, 57.216, 68.734, 67.024, 79.338, 66.134, 55.139, 69.508, 75.662, 81.594, 53.677, 52.582, 68.76, 70.949, 77.442, 79.084, 92.065, 62.524, 50.893, 89.696, 75.002, 44.923, 70.637, 73.543, 67.767, 65.891, 19.838, 52.204, 50.505, 55.063, 71.519, 52.415, 79.561, 76.68, 78.638, 44.443, 49.856, 70.266, 72.967, 51.688, 64.823, 67.162, 64.134, 73.185, 63.965, 55.297, 51.288, 66.406, 53.545, 56.449, 79.025], [58.539, 87.965, 48.059, 70.692, 65.191, 0.0, 13.552, 22.103, 35.134, 19.7681, 17.99, 67.994, 44.956, 54.91, 50.012, 12.648, 45.836, 50.583, 29.754, 43.052, 60.222, 76.443, 17.035, 33.566, 41.562, 5.705, 36.038, 20.25, 12.733, 23.781, 16.482, 65.972, 49.356, 57.499, 47.227, 32.584, 38.278, 24.407, 7.024, 9.683, 25.002, 19.768, 23.305, 76.002, 47.343, 20.424, 27.626, 47.93, 71.693, 49.629, 26.84, 13.006, 15.889, 28.266, 16.266, 48.355000000000004, 13.31, 47.192, 9.361, 15.512, 14.981, 14.736, 11.456, 10.036, 16.495, 22.418, 20.383, 18.546, 9.566, 16.157, 41.924, 12.901, 8.176, 22.818, 11.993, 46.983, 18.268, 18.749, 15.122, 12.649, 29.634, 18.231, 5.45, 18.854, 23.374, 32.763, 21.66, 18.29, 22.713, 18.321, 14.382, 8.728, 13.645, 18.774, 12.581, 20.926, 16.721, 14.659, 8.515, 9.122], [56.68, 38.011, 49.355, 13.953, 62.676, 13.552, 0.001, 15.79, 23.186, 8.955, 11.677, 63.623, 49.637, 53.383, 48.485, 9.107, 35.117, 38.444, 17.461, 30.316, 55.851, 72.072, 26.115, 31.075, 37.699, 14.245, 45.82, 19.083, 12.18, 12.605, 7.839, 60.307, 43.691, 51.834, 42.856, 27.682, 33.376, 20.803, 7.403, 8.017, 17.827, 12.563, 16.663, 71.631, 41.678, 26.464, 26.099, 43.574, 67.322, 45.258, 22.469, 9.342, 10.656, 16.324, 12.044, 42.69, 7.462, 35.053, 6.369, 10.279, 11.317, 10.742, 12.036, 4.838, 4.474, 16.105, 15.945, 13.003, 15.559, 5.049, 38.061, 15.071, 8.432, 13.651, 3.743, 45.456, 12.996, 14.628, 8.4475, 5.828, 25.263, 6.962, 9.879, 29.399, 26.533, 42.853, 11.392, 6.873, 15.871, 13.633, 10.16, 7.83, 3.838, 14.653, 8.447, 14.859, 11.449, 9.989, 8.889, 5.172], [62.741, 34.765, 61.903, 25.898, 91.75, 22.103, 15.79, 0.002, 14.982, 12.896, 4.463, 78.791, 64.08, 68.551, 63.653, 24.275, 35.493, 35.519, 24.797, 26.19, 71.019, 87.24, 36.159, 46.243, 52.867, 24.839, 56.355, 34.2513, 26.896, 24.687, 23.007, 74.001, 54.816, 62.984, 58.024, 42.632, 48.326, 35.971, 17.58, 13.459, 29.803, 27.731, 3.099, 86.799, 53.505, 38.984, 41.267, 58.524, 82.49, 60.426, 37.637, 24.51, 25.824, 14.48, 27.212, 54.517, 22.63, 34.251, 14.866, 25.447, 26.485, 25.91, 26.752, 18.619, 13.814, 0.545, 31.113, 28.264, 14.937, 19.195, 53.229, 29.787, 23.148, 28.134, 14.433, 60.624, 28.164, 29.796, 23.6156, 20.996, 40.431, 14.665, 23.512, 39.171, 40.882, 53.08, 24.529, 20.536, 29.724, 28.801, 25.328, 19.38, 19.006, 29.821, 23.615, 30.027, 26.617, 25.157, 23.605, 17.602], [75.664, 20.513, 50.414, 21.044, 88.547, 35.134, 23.186, 14.982, 0.001, 16.284, 17.874, 73.9, 70.0, 69.008, 61.48, 28.746, 24.161, 22.326, 17.538, 12.294, 66.335, 79.415, 49.034, 46.504, 50.555, 37.14, 67.573, 36.829, 33.601, 20.603, 22.372, 62.836, 43.4, 51.568, 54.133, 37.105, 42.799, 35.533, 30.179, 26.169, 25.13, 26.026, 12.169, 82.115, 44.511, 48.846, 43.415, 52.016, 77.806, 56.214, 33.884, 27.889, 25.854, 9.579, 27.191, 45.523, 24.764, 21.533, 26.353, 25.477, 29.791, 28.044, 33.219, 27.498, 19.943, 15.205, 30.356, 28.243, 28.0, 21.501, 50.917, 36.597, 29.853, 24.337, 23.772, 61.518, 27.638, 29.826, 24.396, 25.814, 37.992, 18.053, 32.889, 52.046, 47.624, 64.606, 22.028, 19.451, 25.544, 28.451, 26.202, 30.718, 23.296, 29.851, 26.811, 27.979, 26.267, 25.726, 31.097, 27.977], [62.2981, 34.748, 52.646, 15.189, 81.554, 19.7681, 8.955, 12.896, 16.284, 0.001, 9.38, 68.032, 56.674, 57.792, 52.894, 15.42, 31.458, 34.415, 16.696, 25.71, 60.082, 76.481, 33.32, 35.484, 42.108, 22.111, 53.521, 24.216, 19.543, 12.906, 11.676, 63.477, 45.528, 54.098, 47.265, 30.852, 36.546, 25.238, 14.358, 10.82, 19.904, 15.731, 11.303, 75.862, 43.889, 34.33, 30.508, 46.744, 71.553, 49.667, 26.323, 14.722, 15.065, 9.147, 16.453, 44.901, 11.871, 31.024, 10.782, 14.688, 16.697, 15.151, 19.161, 13.258, 5.024, 12.731, 20.061, 17.784, 15.094, 7.362, 42.47, 22.874, 15.795, 16.354, 8.998, 49.865, 16.942, 19.037, 12.856, 12.336, 29.672, 2.821, 18.128, 36.332, 34.298, 50.246, 12.748, 8.755, 17.943, 17.755, 14.569, 15.689, 9.763, 19.062, 13.638, 18.027, 15.571, 14.398, 16.88, 12.948], [58.763, 37.511, 59.572, 23.249, 87.64, 17.99, 11.677, 4.463, 17.874, 9.38, 0.001, 74.502, 59.791, 64.262, 59.364, 19.986, 35.325, 38.282, 22.073, 29.104, 66.73, 82.951, 31.87, 41.954, 48.578, 20.55, 52.066, 29.962, 22.607, 21.706, 18.718, 71.186, 52.42, 60.99, 53.735, 38.561, 44.255, 31.682, 13.291, 9.17, 27.297, 23.442, 6.013, 82.51, 50.781, 34.695, 36.978, 54.453, 78.201, 56.137, 33.348, 20.221, 21.535, 13.12, 22.923, 51.793, 18.341, 34.891, 10.577, 21.158, 22.196, 21.621, 22.463, 14.33, 9.974, 4.643, 26.824, 24.151, 10.949, 15.485, 48.94, 25.498, 18.859, 24.53, 10.144, 56.335, 23.875, 25.507, 19.3264, 16.707, 36.142, 11.275, 19.223, 34.882, 36.593, 48.791, 21.581, 17.286, 26.743, 24.512, 21.039, 15.091, 14.717, 25.532, 19.326, 25.738, 22.328, 20.868, 19.316, 13.313], [76.677, 68.653, 27.716, 56.81, 34.173, 67.994, 63.623, 78.791, 73.9, 68.032, 74.502, 0.047, 48.738, 40.675, 30.479, 56.052, 52.925, 57.987, 57.566, 64.828, 15.927, 15.341, 65.682, 43.476, 35.016, 66.159, 66.585, 51.797, 55.893, 57.378, 56.937, 37.93, 35.09, 37.57, 21.423, 38.235, 33.572, 45.829, 67.26, 69.492, 50.748, 52.791, 77.359, 27.637, 35.125, 61.874, 49.735, 23.518, 26.562, 18.51, 43.074, 54.984, 53.159, 66.108, 52.384, 36.137, 55.759, 55.109, 67.844, 53.437, 53.899, 53.694, 57.758, 63.692, 66.169, 78.317, 48.774, 50.667, 75.948, 60.78, 35.378, 58.782, 59.793, 54.36, 65.956, 35.274, 51.942, 49.829, 54.801, 57.77, 38.665, 65.812, 62.661, 73.272, 58.315, 65.881, 56.516, 59.129, 50.657, 51.073, 53.412, 65.226, 59.436, 50.215, 55.563, 51.026, 52.656, 53.283, 59.62, 65.275], [32.593, 82.522, 67.509, 56.487, 43.345, 44.956, 49.637, 64.08, 70.0, 56.674, 59.791, 48.738, 0.001, 17.003, 17.96, 42.58, 75.446, 80.941, 61.925, 75.211, 33.558, 63.169, 29.481, 29.004, 33.581, 39.514, 23.889, 34.575, 38.684, 54.866, 48.35, 81.512, 69.527, 77.119, 47.381, 48.877, 54.948, 39.285, 46.633, 50.781, 50.487, 49.403, 64.462, 38.502, 68.602, 25.589, 28.852, 52.01, 35.9, 49.648, 42.647, 42.227, 45.931, 62.704, 44.506, 69.614, 45.039, 77.544, 50.459, 46.218, 41.03, 43.164, 38.947, 46.587, 53.905, 63.575, 45.183, 45.909, 52.409, 49.469, 33.943, 35.076, 42.607, 50.967, 50.454, 14.25, 47.197, 43.464, 46.849, 45.248, 40.923, 54.507, 41.901, 37.448, 25.256, 23.375, 52.462, 50.995, 48.422, 46.338, 44.476, 46.631, 47.377, 43.266, 43.746, 47.638, 46.766, 45.144, 40.918, 47.805], [48.878, 76.935, 61.283, 51.307, 28.354, 54.91, 53.383, 68.551, 69.008, 57.792, 64.262, 40.675, 17.003, 0.001, 11.759, 44.81, 69.409, 75.207, 56.502, 69.437, 25.031, 55.183, 43.724, 23.967, 27.726, 52.013, 40.275, 34.863, 42.294, 49.829, 48.309, 74.0, 63.49, 71.082, 41.212, 42.84, 48.911, 34.248, 56.046, 59.134, 45.45, 44.366, 67.202, 23.227, 62.565, 37.775, 28.632, 45.841, 20.625, 43.479, 37.61, 43.939, 44.531, 59.733, 43.756, 63.577, 45.625, 71.507, 57.486, 44.809, 42.49, 44.041, 44.159, 52.835, 55.929, 68.16, 40.146, 41.999, 63.001, 50.623, 28.088, 43.861, 47.12, 45.93, 55.799, 10.182, 43.314, 41.201, 46.173, 47.412, 34.886, 55.655, 49.493, 51.846, 34.35, 39.761, 48.091, 50.501, 43.385, 42.445, 44.784, 54.038, 49.279, 41.138, 45.205, 42.601, 44.028, 44.655, 46.353, 54.25], [47.27, 67.184, 49.988, 43.94, 15.791, 50.012, 48.485, 63.653, 61.48, 52.894, 59.364, 30.479, 17.96, 11.759, 0.001, 40.339, 58.991, 64.789, 48.327, 60.051, 15.708, 45.319, 39.398, 18.574, 16.656, 47.542, 37.252, 30.392, 37.823, 43.663, 42.452, 64.136, 53.152, 60.744, 29.858, 32.422, 38.493, 28.855, 51.575, 54.663, 37.448, 38.306, 62.731, 27.601, 52.494, 33.449, 23.393, 34.487, 23.292, 32.125, 29.199, 39.468, 38.674, 52.393, 37.899, 53.506, 41.274, 61.089, 53.015, 38.952, 38.019, 39.209, 39.688, 48.364, 51.031, 63.689, 34.289, 35.838, 58.53, 46.152, 17.018, 39.39, 42.649, 39.875, 51.328, 4.921, 37.457, 35.344, 40.316, 42.941, 24.62, 51.184, 45.022, 47.52, 30.024, 36.548, 42.031, 44.644, 36.942, 36.588, 38.927, 49.567, 44.808, 35.73, 40.734, 36.541, 38.171, 38.798, 41.882, 49.779], [51.567, 43.025, 43.584, 16.318, 69.802, 12.648, 9.107, 24.275, 28.746, 15.42, 19.986, 56.052, 42.58, 44.81, 40.339, 0.001, 36.83, 42.097, 21.597, 35.75, 49.08, 65.301, 21.558, 23.394, 30.928, 12.927, 40.88, 11.096, 6.168, 14.775, 7.715, 56.279, 39.658, 47.801, 36.085, 21.813, 27.507, 14.032, 12.638, 15.034, 15.551, 10.317, 24.195, 64.86, 37.645, 21.523, 18.524, 36.788, 60.551, 38.487, 15.698, 2.185, 6.438, 22.069, 5.809, 38.657000000000004, 4.435, 38.928, 13.386, 6.506, 3.276, 4.25, 6.951, 9.154, 12.628, 24.553, 9.189, 6.402, 21.279, 8.834, 31.29, 9.208, 5.391, 13.626, 11.894, 37.881, 8.105, 7.073, 6.247, 3.536, 18.492, 13.872, 7.738, 25.582, 20.67, 37.913, 12.654, 10.36, 13.748, 8.006, 4.629, 10.747, 6.213, 7.098, 3.111, 10.584, 7.27, 5.308, 4.697, 10.737], [85.625, 17.737, 26.948, 22.21, 73.42, 45.836, 35.117, 35.493, 24.161, 31.458, 35.325, 52.925, 75.446, 69.409, 58.991, 36.83, 0.001, 6.929, 19.222, 14.334, 56.272, 56.097, 57.459, 49.562, 46.033, 47.562, 75.01, 43.79, 42.097, 24.605, 30.824, 39.481, 20.205, 28.373, 38.532, 28.174, 27.359, 39.316, 42.045, 41.24, 25.862, 29.699, 33.817, 69.613, 21.316, 56.283, 50.746, 33.8, 67.439, 37.075, 35.541, 35.835, 31.713, 23.462, 33.115, 22.328, 33.276, 3.229, 39.94, 31.336, 37.504, 35.062, 42.122, 39.341, 33.724, 35.93, 34.258, 32.761, 45.135, 33.116, 46.395, 44.699, 38.433, 26.723, 36.923, 62.677, 31.547, 35.032, 31.435, 34.941, 35.437, 32.909, 41.816, 61.483, 55.061, 72.043, 25.779, 30.008, 27.697, 32.41, 32.952, 42.083, 33.776, 35.255, 34.764, 30.933, 31.061, 32.351, 39.42, 39.814], [90.892, 12.518, 31.19, 26.239, 77.427, 50.583, 38.444, 35.519, 22.326, 34.415, 38.282, 57.987, 80.941, 75.207, 64.789, 42.097, 6.929, 0.003, 22.282, 11.502, 61.812, 60.081, 62.459, 54.44, 51.573, 51.947, 80.01, 48.79, 47.097, 28.346, 35.891, 43.465, 24.189, 32.357, 44.072, 33.714, 32.899, 44.194, 45.105, 44.3, 30.74, 34.699, 33.687, 75.153, 25.3, 61.283, 55.746, 39.34, 72.979, 42.703, 40.419, 40.835, 36.713, 26.176, 38.115, 26.312, 38.276, 4.092, 43.0, 36.336, 42.504, 40.062, 47.122, 42.102, 37.032, 36.104, 39.03, 38.028, 47.849, 36.105, 51.935, 49.699, 43.433, 31.905, 39.983, 68.217, 36.547, 40.032, 36.435, 39.738, 40.977, 35.969, 46.816, 66.483, 60.061, 77.043, 30.653, 33.04, 32.575, 37.41, 37.952, 45.532, 37.482, 40.255, 39.764, 35.933, 36.061, 37.351, 44.42, 42.874], [71.219, 22.806, 39.276, 6.051, 73.316, 29.754, 17.461, 24.797, 17.538, 16.696, 22.073, 57.566, 61.925, 56.502, 48.327, 21.597, 19.222, 22.282, 0.001, 14.736, 50.861, 66.491, 42.419, 35.193, 36.169, 30.677, 60.21, 28.99, 27.057, 8.175, 15.248, 50.833, 31.913, 40.483, 38.659, 21.631, 26.325, 24.611, 23.835, 23.03, 12.044, 14.899, 23.343, 66.641, 30.274, 41.483, 35.946, 35.5, 62.332, 39.698, 21.551, 21.11, 16.913, 10.935, 18.315, 31.286, 18.05, 18.682, 21.73, 16.536, 23.085, 20.262, 26.755, 20.832, 16.315, 25.032, 19.458, 18.222, 30.931, 14.835, 36.531, 29.659, 23.172, 12.343, 18.713, 49.428, 16.747, 20.269, 16.635, 19.025, 24.433, 14.699, 26.311, 45.831, 40.261, 57.243, 10.482, 12.327, 13.454, 17.61, 18.152, 24.262, 16.63, 20.492, 19.964, 16.133, 16.298, 17.551, 24.159, 21.604], [85.582, 9.007, 40.322, 20.317, 84.887, 43.052, 30.316, 26.19, 12.294, 25.71, 29.104, 64.828, 75.211, 69.437, 60.051, 35.75, 14.334, 11.502, 14.736, 0.001, 62.659, 69.332, 55.937, 48.748, 47.973, 44.067, 74.297, 43.098, 40.325, 22.435, 28.91, 52.753, 33.317, 41.485, 47.871, 33.429, 36.698, 38.502, 37.225, 36.541, 25.048, 29.007, 24.072, 78.439, 34.428, 55.57, 50.139, 43.139, 74.13, 47.337, 34.727, 34.613, 31.021, 18.062, 32.423, 35.44, 31.488, 11.45, 35.131, 30.644, 36.515, 34.37, 39.943, 34.222, 29.384, 26.756, 33.338, 32.298, 39.551, 28.225, 48.335, 43.321, 36.577, 26.213, 32.103, 62.768, 30.855, 34.34, 30.743, 32.538, 36.536, 28.21, 39.701, 59.221, 54.348, 71.33, 24.742, 25.989, 26.883, 31.718, 32.26, 37.652, 30.02, 34.563, 33.535, 30.241, 30.369, 31.659, 37.821, 34.994], [62.729, 67.454, 36.535, 48.795, 18.721, 60.222, 55.851, 71.019, 66.335, 60.082, 66.73, 15.927, 33.558, 25.031, 15.708, 49.08, 56.272, 61.812, 50.861, 62.659, 0.001, 30.778, 54.816, 31.173, 23.432, 57.906, 52.67, 43.366, 47.64, 48.606, 48.684, 49.595, 42.737, 46.374, 19.855, 29.326, 31.648, 37.576, 59.007, 61.239, 42.064, 44.538, 69.106, 17.308, 44.059, 48.867, 38.235, 24.848, 12.589, 22.122, 34.821, 46.731, 44.906, 57.336, 44.131, 45.071, 47.506, 57.578, 59.591, 45.184, 45.646, 45.441, 49.505, 55.439, 58.397, 70.064, 40.521, 42.895, 67.695, 52.527, 23.794, 50.529, 51.54, 45.764, 57.703, 20.487, 43.689, 41.576, 46.548, 49.517, 30.412, 57.559, 54.408, 62.938, 45.442, 51.966, 48.263, 50.876, 42.263, 42.82, 45.159, 56.973, 51.183, 41.962, 47.31, 42.773, 44.403, 45.03, 51.367, 57.022], [89.335, 72.053, 31.031, 65.917, 40.105, 76.443, 72.072, 87.24, 79.415, 76.481, 82.951, 15.341, 63.169, 55.183, 45.319, 65.301, 56.097, 60.081, 66.491, 69.332, 30.778, 0.002, 74.722, 54.17, 47.399, 75.199, 79.304, 60.837, 64.933, 66.418, 65.977, 27.932, 36.343, 30.627, 32.369, 47.275, 43.344, 54.869, 76.3, 78.532, 59.788, 61.831, 86.399, 41.916, 39.08, 72.908, 61.045, 32.809, 40.841, 29.456, 52.114, 64.024, 62.199, 75.148, 61.424, 40.092, 64.799, 58.171, 76.884, 62.477, 62.939, 62.734, 66.798, 72.732, 74.618, 87.357, 57.814, 59.116, 84.988, 69.82, 47.761, 67.822, 68.833, 63.4, 74.996, 49.693, 60.982, 58.869, 63.841, 66.81, 47.705, 74.852, 71.701, 82.312, 69.779, 78.6, 65.556, 68.169, 59.697, 60.113, 62.452, 74.266, 68.476, 59.255, 64.603, 60.066, 61.696, 62.323, 68.66, 74.315], [32.554, 63.89, 54.054, 36.929, 70.516, 17.035, 26.115, 36.159, 49.034, 33.32, 31.87, 65.682, 29.481, 43.724, 39.398, 21.558, 57.459, 62.459, 42.419, 55.937, 54.816, 74.722, 0.001, 26.167, 34.511, 12.232, 22.119, 16.218, 18.056, 35.085, 28.056, 71.357, 56.521, 64.664, 45.74, 34.783, 40.854, 22.681, 19.351, 23.499, 34.314, 30.387, 37.18, 65.538, 54.508, 7.159, 18.501, 46.443, 62.119, 48.142, 27.673, 21.933, 26.748, 42.068, 25.066, 55.52, 24.745, 59.238, 23.177, 26.816, 20.736, 23.724, 17.5, 22.686, 29.787, 36.293, 26.257, 26.076, 25.127, 28.556, 34.873, 13.225, 20.756, 33.647, 25.309, 36.308, 27.937, 24.379, 26.557, 23.974, 28.96, 32.047, 18.23, 8.194, 10.901, 18.936, 32.964, 30.701, 32.26, 27.328, 24.939, 20.918, 26.044, 24.256, 23.452, 29.096, 27.58, 25.618, 19.067, 21.449], [42.313, 55.617, 40.993, 29.582, 33.145, 33.566, 31.075, 46.243, 46.504, 35.484, 41.954, 43.476, 29.004, 23.967, 18.574, 23.394, 49.562, 54.44, 35.193, 48.748, 31.173, 54.17, 26.167, 0.001, 8.434, 31.534, 30.922, 14.416, 21.268, 28.331, 24.872, 57.862, 43.53, 51.122, 23.393, 22.662, 28.733, 12.133, 34.618, 36.85, 24.12, 22.211, 44.762, 44.885, 42.635, 20.312, 8.173, 27.329, 40.996, 26.301, 16.44, 21.684, 21.094, 38.403, 20.21, 43.647, 23.162, 51.183, 35.202, 21.372, 20.363, 20.6, 23.133, 31.05, 33.621, 45.72, 17.842, 18.622, 41.975, 28.183, 8.796, 23.833, 26.094, 24.6, 33.359, 16.858, 20.021, 17.648, 22.736, 25.128, 14.86, 33.215, 28.467, 34.422, 16.753, 28.937, 26.209, 27.064, 22.055, 19.152, 21.21, 32.584, 26.839, 17.45, 22.921, 20.92, 20.591, 21.218, 25.327, 32.633], [50.657, 54.213, 36.92, 32.478, 44.561, 41.562, 37.699, 52.867, 50.555, 42.108, 48.578, 35.016, 33.581, 27.726, 16.656, 30.928, 46.033, 51.573, 36.169, 47.973, 23.432, 47.399, 34.511, 8.434, 0.001, 39.856, 39.244, 22.738, 29.59, 32.474, 31.263, 53.458, 39.466, 47.058, 18.305, 19.267, 25.071, 18.202, 41.586, 43.818, 26.259, 27.117, 51.685, 37.148, 39.043, 28.634, 16.495, 22.241, 32.839, 21.213, 18.01, 29.31, 27.485, 41.204, 26.71, 40.055, 30.085, 47.938, 42.17, 27.763, 28.225, 28.02, 31.455, 38.018, 40.245, 52.643, 23.1, 24.743, 50.274, 35.106, 0.359, 32.155, 34.119, 28.686, 40.282, 20.276, 26.268, 24.155, 29.127, 32.096, 12.991, 40.138, 36.789, 42.744, 25.075, 37.259, 30.842, 33.455, 25.753, 25.399, 27.738, 39.552, 33.762, 24.541, 29.889, 25.352, 26.982, 27.609, 33.649, 39.601], [42.473, 52.02, 54.523, 27.032, 78.788, 5.705, 14.245, 24.839, 37.14, 22.111, 20.55, 66.159, 39.514, 52.013, 47.542, 12.927, 47.562, 51.947, 30.677, 44.067, 57.906, 75.199, 12.232, 31.534, 39.856, 0.001, 32.418, 17.928, 10.87, 25.272, 17.973, 67.043, 50.422, 58.565, 45.792, 32.946, 38.64, 22.452, 8.039, 12.187, 26.228, 20.994, 25.868, 73.9, 48.409, 15.081, 25.127, 46.495, 70.258, 48.194, 25.405, 13.197, 17.115, 30.094, 16.486, 49.421, 14.801, 48.823, 11.865, 17.003, 14.749, 14.927, 9.146, 10.891, 17.917, 24.981, 20.745, 18.081, 13.995, 17.662, 39.969, 9.49, 9.862, 24.309, 13.514, 44.484, 18.782, 18.94, 16.613, 13.896, 28.199, 20.494, 6.403, 15.234, 18.823, 29.143, 23.151, 19.795, 23.939, 18.683, 15.14, 9.583, 15.15, 18.643, 13.36, 21.348, 17.947, 15.697, 8.492, 10.137], [11.655, 81.187, 70.001, 54.48, 67.063, 36.038, 45.82, 56.355, 67.573, 53.521, 52.066, 66.585, 23.889, 40.275, 37.252, 40.88, 75.01, 80.01, 60.21, 74.297, 52.67, 79.304, 22.119, 30.922, 39.244, 32.418, 0.001, 32.96, 36.931, 52.756, 46.523, 87.268, 72.936, 80.528, 52.799, 51.484, 57.555, 39.662, 39.533, 43.681, 51.667, 47.74, 57.362, 61.474, 71.209, 20.098, 29.92, 56.735, 58.872, 55.707, 44.571, 40.4, 44.104, 60.877, 42.679, 72.221, 43.212, 76.909, 43.359, 44.391, 39.203, 41.337, 37.232, 42.922, 49.492, 56.475, 43.61, 43.487, 43.391, 47.642, 40.129, 32.957, 40.488, 51.0, 45.545, 34.285, 45.54, 41.807, 45.022, 43.421, 44.266, 52.229, 38.26, 19.032, 22.202, 4.018, 50.635, 49.168, 49.613, 44.681, 42.649, 41.1, 45.55, 41.609, 41.919, 46.449, 44.939, 43.317, 38.799, 41.631], [43.774, 49.967, 40.169, 23.26, 61.65, 20.25, 19.083, 34.2513, 36.829, 24.216, 29.962, 51.797, 34.575, 34.863, 30.392, 11.096, 43.79, 48.79, 28.99, 43.098, 43.366, 60.837, 16.218, 14.416, 22.738, 17.928, 32.96, 0.001, 8.282, 21.66, 15.357, 56.202, 41.366, 49.509, 30.585, 19.628, 25.699, 7.744, 22.034, 25.205, 19.587, 15.66, 33.696, 56.075, 39.353, 14.393, 7.302, 31.288, 52.656, 32.987, 12.736, 10.433, 12.824, 29.533, 11.399, 40.365, 12.119, 45.752, 23.557, 13.111, 8.984, 10.057, 10.147, 18.823, 21.94, 34.654, 11.53, 12.267, 28.989, 17.117, 22.356, 10.331, 13.108, 18.92, 22.293, 26.659, 13.46, 9.727, 13.742, 13.906, 13.805, 22.149, 15.481, 22.571, 13.171, 30.153, 19.478, 17.824, 17.533, 12.601, 11.369, 20.026, 15.773, 9.529, 11.699, 14.369, 13.417, 12.037, 12.341, 20.238], [47.745, 48.278, 44.257, 21.567, 69.084, 12.733, 12.18, 26.896, 33.601, 19.543, 22.607, 55.893, 38.684, 42.294, 37.823, 6.168, 42.097, 47.097, 27.057, 40.325, 47.64, 64.933, 18.056, 21.268, 29.59, 10.87, 36.931, 8.282, 0.001, 19.171, 12.142, 59.925, 43.304, 51.447, 35.602, 22.969, 29.327, 12.262, 13.87, 17.041, 19.448, 14.713, 27.575, 64.254, 41.291, 17.984, 15.481, 36.305, 60.068, 38.004, 15.215, 6.019, 10.834, 26.496, 9.476, 42.303, 8.831, 43.324, 15.393, 10.902, 4.822, 8.02, 2.013, 10.659, 16.138, 26.688, 11.823, 10.763, 20.825, 12.744, 29.779, 5.231, 4.944, 18.022, 13.901, 34.838, 12.501, 8.919, 10.643, 8.01, 18.009, 17.344, 7.317, 22.015, 16.762, 33.744, 17.05, 14.787, 17.394, 12.336, 9.025, 11.862, 10.232, 8.721, 7.538, 14.23, 11.666, 9.704, 4.177, 12.074], [63.57, 29.523, 39.691, 2.39, 70.607, 23.781, 12.605, 24.687, 20.603, 12.906, 21.706, 57.378, 54.866, 49.829, 43.663, 14.775, 24.605, 28.346, 8.175, 22.435, 48.606, 66.418, 35.085, 28.331, 32.474, 25.272, 52.756, 21.66, 19.171, 0.018, 7.695, 51.866, 32.771, 41.341, 36.483, 19.455, 25.149, 16.886, 18.95, 18.968, 7.205, 7.174, 23.24, 64.465, 31.132, 33.513, 28.027, 35.347, 60.156, 38.879, 15.309, 13.065, 8.943, 11.371, 10.345, 32.144, 10.506, 24.88, 17.406, 8.566, 14.734, 12.292, 19.352, 15.314, 12.166, 24.668, 11.959, 10.767, 26.596, 8.661, 32.789, 21.929, 15.663, 4.918, 14.378, 42.4, 9.073, 12.244, 8.665, 12.171, 19.991, 11.049, 19.046, 38.713, 32.291, 49.273, 2.457, 5.553, 6.426, 9.936, 10.182, 19.047, 10.221, 12.467, 11.994, 8.408, 8.273, 9.581, 16.65, 16.649], [57.337, 36.863, 43.124, 9.935, 70.562, 16.482, 7.839, 23.007, 22.372, 11.676, 18.718, 56.937, 48.35, 48.309, 42.452, 7.715, 30.824, 35.891, 15.248, 28.91, 48.684, 65.977, 28.056, 24.872, 31.263, 17.973, 46.523, 15.357, 12.142, 7.695, 0.001, 53.186, 36.565, 44.708, 36.254, 20.556, 26.25, 14.201, 13.182, 15.185, 11.115, 5.643, 22.115, 65.029, 34.552, 27.207, 21.863, 36.448, 60.72, 38.656, 15.867, 6.511, 4.152, 15.543, 5.489, 35.564, 3.663, 32.686, 13.537, 3.775, 8.235, 5.986, 12.856, 9.698, 10.248, 23.395, 9.006, 6.96, 23.013, 5.523, 31.459, 15.375, 9.167, 7.57, 11.033, 40.863, 5.897, 8.124, 2.224, 4.879, 18.661, 10.046, 12.55, 32.159, 25.985, 42.967, 5.878, 3.159, 9.195, 6.71, 3.909, 12.021, 4.599, 8.149, 5.495, 7.939, 4.526, 3.89, 10.154, 11.281], [98.158, 55.437, 18.885, 50.698, 61.845, 65.972, 60.307, 74.001, 62.836, 63.477, 71.186, 37.93, 81.512, 74.0, 64.136, 56.279, 39.481, 43.465, 50.833, 52.753, 49.595, 27.932, 71.357, 57.862, 53.458, 67.043, 87.268, 56.202, 59.925, 51.866, 53.186, 0.001, 19.943, 13.349, 36.029, 39.158, 32.285, 51.238, 65.387, 67.549, 46.123, 48.785, 72.289, 63.203, 22.68, 69.285, 61.997, 33.762, 61.029, 33.116, 47.548, 55.198, 51.443, 60.922, 52.207, 23.692, 53.83, 41.771, 65.901, 51.002, 55.916, 53.926, 62.043, 61.903, 62.675, 74.706, 48.996, 50.081, 74.789, 58.173, 53.745, 63.238, 58.634, 49.823, 63.677, 68.656, 48.804, 51.926, 52.694, 55.873, 44.074, 62.298, 62.017, 78.689, 68.063, 85.061, 52.033, 55.411, 46.322, 49.072, 52.893, 63.559, 57.545, 51.955, 54.965, 46.689, 50.423, 52.153, 59.621, 63.486], [83.826, 36.161, 7.384, 31.603, 54.989, 49.356, 43.691, 54.816, 43.4, 45.528, 52.42, 35.09, 69.527, 63.49, 53.152, 39.658, 20.205, 24.189, 31.913, 33.317, 42.737, 36.343, 56.521, 43.53, 39.466, 50.422, 72.936, 41.366, 43.304, 32.771, 36.565, 19.943, 0.001, 8.754, 25.005, 22.46, 16.276, 35.451, 48.4, 50.562, 27.027, 31.789, 52.581, 56.356, 3.347, 54.657, 47.369, 20.31, 54.182, 22.495, 30.66, 38.202, 34.456, 41.596, 35.211, 4.359, 36.843, 22.23, 48.914, 34.015, 38.92, 36.93, 45.047, 44.916, 44.788, 54.998, 32.241, 33.46, 57.802, 41.186, 39.838, 46.242, 41.647, 30.97, 46.69, 56.601, 31.808, 34.93, 35.707, 38.886, 29.585, 43.921, 45.03, 62.757, 53.435, 70.572, 33.519, 37.933, 28.521, 32.076, 35.897, 46.572, 40.558, 35.123, 37.978, 29.693, 33.436, 35.166, 42.634, 46.499], [91.418, 44.329, 13.154, 40.173, 58.625, 57.499, 51.834, 62.984, 51.568, 54.098, 60.99, 37.57, 77.119, 71.082, 60.744, 47.801, 28.373, 32.357, 40.483, 41.485, 46.374, 30.627, 64.664, 51.122, 47.058, 58.565, 80.528, 49.509, 51.447, 41.341, 44.708, 13.349, 8.754, 0.001, 30.926, 30.291, 23.418, 43.276, 56.225, 58.387, 35.284, 39.614, 60.485, 59.865, 11.332, 61.938, 54.65, 27.452, 57.691, 28.041, 38.485, 46.027, 42.281, 49.853, 43.036, 12.344000000000001, 44.668, 30.134, 56.739, 41.84, 46.745, 44.755, 52.872, 52.741, 53.358, 62.902, 40.066, 41.603, 65.627, 49.011, 46.98, 54.067, 49.472, 39.227, 54.515, 63.743, 39.633, 42.755, 43.532, 46.711, 36.727, 52.178, 52.855, 70.582, 60.716, 77.714, 41.776, 46.249, 36.778, 39.901, 43.722, 54.397, 48.383, 42.948, 45.803, 37.518, 41.261, 42.991, 50.459, 54.324], [63.689, 52.805, 20.481, 36.593, 36.414, 47.227, 42.856, 58.024, 54.133, 47.265, 53.735, 21.423, 47.381, 41.212, 29.858, 36.085, 38.532, 44.072, 38.659, 47.871, 19.855, 32.369, 45.74, 23.393, 18.305, 45.792, 52.799, 30.585, 35.602, 36.483, 36.254, 36.029, 25.005, 30.926, 0.001, 17.144, 14.334, 25.394, 46.825, 49.057, 29.896, 32.356, 56.924, 32.457, 25.037, 42.318, 30.179, 5.942, 30.283, 3.046, 22.639, 34.549, 32.724, 45.168, 31.949, 26.049, 35.324, 40.374, 47.409, 33.002, 33.464, 33.259, 37.323, 43.257, 45.402, 57.882, 28.339, 29.9, 55.513, 40.345, 19.036, 38.347, 39.358, 33.596, 45.521, 34.36, 31.507, 29.394, 34.366, 37.335, 18.23, 45.377, 42.226, 52.837, 38.759, 50.943, 36.081, 38.694, 30.095, 30.638, 32.977, 44.791, 39.001, 29.78, 35.128, 30.591, 32.221, 32.848, 39.185, 44.84], [62.298, 39.363, 23.739, 19.565, 51.329, 32.584, 27.682, 42.632, 37.105, 30.852, 38.561, 38.235, 48.877, 42.84, 32.422, 21.813, 28.174, 33.714, 21.631, 33.429, 29.326, 47.275, 34.783, 22.662, 19.267, 32.946, 51.484, 19.628, 22.969, 19.455, 20.556, 39.158, 22.46, 30.291, 17.144, 0.001, 7.359, 14.122, 32.146, 34.308, 12.844, 15.649, 40.597, 45.116, 20.166, 32.729, 25.441, 17.557, 40.807, 20.04, 8.977, 20.34, 17.7189, 28.116, 17.718, 21.178, 20.589, 30.131, 32.66, 17.761, 19.998, 19.068, 24.967, 28.662, 30.05, 42.025, 13.769, 15.615, 40.94, 25.117, 19.747, 25.991, 24.785, 16.544, 30.621, 36.045, 15.544, 15.807, 19.453, 22.632, 8.616, 29.242, 28.168, 41.876, 31.507, 48.489, 18.754, 22.355, 13.043, 14.92, 18.404, 30.217, 24.304, 16.193, 20.555, 13.624, 17.182, 18.275, 24.994, 30.245], [68.369, 41.632, 17.187, 25.259, 49.828, 38.278, 33.376, 48.326, 42.799, 36.546, 44.255, 33.572, 54.948, 48.911, 38.493, 27.507, 27.359, 32.899, 26.325, 36.698, 31.648, 43.344, 40.854, 28.733, 25.071, 38.64, 57.555, 25.699, 29.327, 25.149, 26.25, 32.285, 16.276, 23.418, 14.334, 7.359, 0.016, 20.839, 37.898, 40.06, 18.596, 21.401, 46.349, 44.541, 15.334, 38.673, 31.385, 11.667, 42.367, 15.83, 15.694, 26.092, 23.47, 33.868, 23.478, 16.346, 26.341, 29.206, 38.412, 23.513, 25.75, 24.511, 31.157, 34.414, 35.744, 47.777, 19.521, 21.309, 46.692, 30.869, 25.444, 32.181, 30.537, 22.296, 36.373, 41.989, 21.296, 21.559, 25.205, 28.384, 14.493, 34.994, 33.92, 48.077, 37.451, 54.433, 24.506, 28.107, 18.795, 20.672, 24.156, 35.969, 30.056, 21.945, 26.307, 19.376, 22.934, 24.027, 30.746, 35.997], [50.476, 45.371, 34.193, 19.126, 59.239, 24.407, 20.803, 35.971, 35.533, 25.238, 31.682, 45.829, 39.285, 34.248, 28.855, 14.032, 39.316, 44.194, 24.611, 38.502, 37.576, 54.869, 22.681, 12.133, 18.202, 22.452, 39.662, 7.744, 12.262, 16.886, 14.201, 51.238, 35.451, 43.276, 25.394, 14.122, 20.839, 0.001, 25.175, 27.407, 13.898, 11.376, 35.274, 53.496, 33.661, 20.434, 13.146, 26.147, 49.187, 27.846, 6.157, 12.899, 11.074, 27.675, 10.299, 34.673, 13.674, 40.961, 25.759, 11.352, 11.513, 11.3, 14.283, 21.607, 23.349, 36.232, 6.689, 7.847, 33.125, 18.695, 18.221, 15.307, 17.244, 14.378, 23.871, 26.754, 9.857, 7.7445, 12.716, 15.685, 8.007, 23.727, 19.617, 28.995, 19.212, 36.194, 15.362, 17.044, 11.833, 8.988, 11.327, 23.141, 17.351, 8.13, 13.478, 9.537, 10.571, 11.198, 16.477, 23.19], [49.592, 45.178, 54.28, 21.19, 81.01, 7.024, 7.403, 17.58, 30.179, 14.358, 13.291, 67.26, 46.633, 56.046, 51.575, 12.638, 42.045, 45.105, 23.835, 37.225, 59.007, 76.3, 19.351, 34.618, 41.586, 8.039, 39.533, 22.034, 13.87, 18.95, 13.182, 65.387, 48.4, 56.225, 46.825, 32.146, 37.898, 25.175, 0.003, 5.458, 23.586, 18.114, 19.15, 75.571, 46.558, 22.383, 28.977, 47.499, 71.262, 49.198, 26.409, 13.066, 15.204, 24.035, 15.835, 47.57, 11.769, 43.118, 5.136, 14.827, 15.041, 14.705, 12.964, 5.185, 10.844, 18.263, 19.952, 17.522, 11.672, 12.172, 42.077, 15.042, 10.162, 20.041, 7.656, 48.334, 17.485, 18.568, 12.877, 9.772, 29.203, 14.006, 7.988, 22.017, 25.455, 35.926, 18.527, 14.206, 21.666, 17.89, 13.951, 2.756, 10.075, 18.593, 12.171, 20.143, 15.938, 14.374, 9.817, 3.49], [52.213, 44.494, 56.442, 21.208, 83.242, 9.683, 8.017, 13.459, 26.169, 10.82, 9.17, 69.492, 50.781, 59.134, 54.663, 15.034, 41.24, 44.3, 23.03, 36.541, 61.239, 78.532, 23.499, 36.85, 43.818, 12.187, 43.681, 25.205, 17.041, 18.968, 15.185, 67.549, 50.562, 58.387, 49.057, 34.308, 40.06, 27.407, 5.458, 0.002, 25.097, 19.833, 14.575, 78.007, 48.948, 26.892, 32.342, 49.935, 73.698, 51.634, 28.845, 15.502, 17.464, 19.474, 18.271, 49.96, 14.029, 40.692, 2.55, 17.087, 17.477, 17.141, 16.161, 7.555, 8.157, 13.688, 22.388, 19.754, 11.054, 12.316, 44.437, 18.618, 13.359, 20.921, 5.166, 51.699, 19.745, 21.004, 15.137, 12.032, 31.639, 9.528, 12.398, 26.526, 29.768, 40.435, 18.575, 14.06, 23.141, 20.326, 16.387, 6.94, 11.108, 21.029, 14.607, 22.129, 18.198, 16.81, 13.014, 5.25], [62.481, 31.917, 33.852, 7.186, 64.062, 25.002, 17.827, 29.803, 25.13, 19.904, 27.297, 50.748, 50.487, 45.45, 37.448, 15.551, 25.862, 30.74, 12.044, 25.048, 42.064, 59.788, 34.314, 24.12, 26.259, 26.228, 51.667, 19.587, 19.448, 7.205, 11.115, 46.123, 27.027, 35.284, 29.896, 12.844, 18.596, 13.898, 23.586, 25.097, 0.001, 6.291, 28.665, 58.155, 25.518, 32.729, 26.076, 29.037, 53.846, 32.569, 10.221, 13.826, 10.054, 16.184, 10.664, 26.53, 12.341, 27.571, 23.582, 9.513, 14.998, 12.227, 20.84, 20.29, 19.164, 30.093, 9.124, 9.604, 32.772, 15.45, 26.968, 22.32, 17.151, 5.558, 20.957, 38.667, 7.116, 11.008, 10.992, 14.279, 14.043, 18.436, 20.534, 39.104, 31.507, 48.489, 8.034, 12.448, 2.79, 8.154, 11.35, 21.965, 15.026, 11.201, 13.482, 5.89, 8.943, 10.673, 18.138, 21.873], [58.554, 35.876, 37.669, 9.414, 66.541, 19.768, 12.563, 27.731, 26.026, 15.731, 23.442, 52.791, 49.403, 44.366, 38.306, 10.317, 29.699, 34.699, 14.899, 29.007, 44.538, 61.831, 30.387, 22.211, 27.117, 20.994, 47.74, 15.66, 14.713, 7.174, 5.643, 48.785, 31.789, 39.614, 32.356, 15.649, 21.401, 11.376, 18.114, 19.833, 6.291, 0.001, 26.658, 60.599, 29.585, 28.586, 21.933, 31.481, 56.29, 35.077, 11.06, 9.13, 4.531, 17.631, 5.633, 30.597, 6.918, 31.532, 18.474, 4.09, 10.529, 7.756, 15.417, 14.791, 14.929, 28.21, 5.445, 4.985, 27.664, 10.342, 27.88, 17.851, 11.728, 4.3, 15.849, 37.284, 2.805, 6.757, 5.493, 8.78, 15.082, 14.467, 15.111, 34.635, 27.364, 44.346, 5.318, 7.58, 4.176, 3.668, 5.842, 16.466, 9.692, 6.95, 8.059, 2.972, 3.511, 5.241, 12.715, 16.374], [63.781, 32.158, 59.563, 24.466, 91.09, 23.305, 16.663, 3.099, 12.169, 11.303, 6.013, 77.359, 64.462, 67.202, 62.731, 24.195, 33.817, 33.687, 23.343, 24.072, 69.106, 86.399, 37.18, 44.762, 51.685, 25.868, 57.362, 33.696, 27.575, 23.24, 22.115, 72.289, 52.581, 60.485, 56.924, 40.597, 46.349, 35.274, 19.15, 14.575, 28.665, 26.658, 0.001, 86.471, 52.334, 39.722, 40.862, 57.353, 82.162, 60.021, 36.933, 24.416, 25.419, 13.314, 26.807, 53.346000000000004, 22.225, 33.412, 15.604, 25.042, 26.391, 25.622, 27.49, 19.357, 12.382, 3.068, 30.671, 27.621, 15.863, 18.024, 52.824, 30.525, 23.886, 26.963, 15.171, 60.219, 27.552, 29.391, 23.21, 21.734, 40.026, 13.494, 24.25, 39.909, 41.62, 53.818, 23.358, 19.365, 28.553, 28.396, 24.923, 20.117, 19.012, 29.416, 23.332, 28.637, 26.212, 24.752, 24.343, 18.34], [70.377, 83.234, 49.615, 64.575, 7.764, 76.002, 71.631, 86.799, 82.115, 75.862, 82.51, 27.637, 38.502, 23.227, 27.601, 64.86, 69.613, 75.153, 66.641, 78.439, 17.308, 41.916, 65.538, 44.885, 37.148, 73.9, 61.474, 56.075, 64.254, 64.465, 65.029, 63.203, 56.356, 59.865, 32.457, 45.116, 44.541, 53.496, 75.571, 78.007, 58.155, 60.599, 86.471, 0.001, 56.34, 59.558, 49.502, 37.463, 7.159, 34.737, 51.048, 62.958, 61.133, 73.563, 60.358, 57.352000000000004, 63.733, 71.46, 75.818, 61.411, 61.873, 61.359, 65.732, 71.666, 74.177, 86.291, 56.748, 58.675, 83.922, 68.754, 37.928, 65.499, 67.767, 61.991, 73.93, 32.927, 59.916, 57.803, 62.775, 65.744, 46.639, 73.786, 70.635, 73.629, 56.133, 62.657, 64.49, 67.103, 58.49, 59.047, 61.386, 73.2, 67.41, 58.189, 63.537, 59.0, 60.63, 61.257, 67.594, 73.249], [82.023, 37.272, 10.121, 29.964, 55.1394, 47.343, 41.678, 53.505, 44.511, 43.889, 50.781, 35.125, 68.602, 62.565, 52.494, 37.645, 21.316, 25.3, 30.274, 34.428, 44.059, 39.08, 54.508, 42.635, 39.043, 48.409, 71.209, 39.353, 41.291, 31.132, 34.552, 22.68, 3.347, 11.332, 25.037, 20.166, 15.334, 33.661, 46.558, 48.948, 25.518, 29.585, 52.334, 56.34, 0.001, 52.83, 45.542, 20.513, 54.385, 22.698, 28.833, 36.375, 32.629, 39.454, 33.384, 1.013, 35.016, 22.144, 46.925, 32.188, 37.093, 34.794, 43.22, 43.089, 43.149, 53.443, 30.414, 31.447, 55.975, 38.793, 39.864, 44.415, 39.82, 28.828, 44.3, 56.146, 29.981, 33.103, 33.88, 37.059, 28.906, 41.779, 43.203, 60.93, 51.608, 68.59, 31.377, 35.791, 26.379, 30.249, 34.07, 44.745, 38.731, 33.296, 36.151, 27.866, 31.609, 33.339, 40.807, 44.672], [30.912, 62.46, 52.24, 35.753, 64.563, 20.424, 26.464, 38.984, 48.846, 34.33, 34.695, 61.874, 25.589, 37.775, 33.449, 21.523, 56.283, 61.283, 41.483, 55.57, 48.867, 72.908, 7.159, 20.312, 28.634, 15.081, 20.098, 14.393, 17.984, 33.513, 27.207, 69.285, 54.657, 61.938, 42.318, 32.729, 38.673, 20.434, 22.383, 26.892, 32.729, 28.586, 39.722, 59.558, 52.83, 0.001, 13.275, 45.129, 56.192, 44.586, 26.556, 22.385, 26.089, 42.862, 24.664, 54.206, 25.197, 58.894, 26.545, 26.376, 21.188, 23.013, 18.185, 23.875, 30.136, 39.718, 25.595, 24.76, 28.55, 29.241, 29.008, 13.91, 21.441, 32.985, 26.498, 30.381, 27.525, 23.792, 27.007, 24.659, 27.646, 33.478, 19.213, 15.296, 4.893, 16.893, 32.62, 31.153, 31.598, 26.666, 24.634, 22.568, 26.729, 23.594, 2